Texture MegaManX assets/images/megamanX.png
Animation Spawn 0.08 10 0
0 0 24 77
24 0 28 77
52 0 44 77
96 0 66 77
162 0 74 77
236 0 104 77
340 0 108 77
448 0 78 77
526 0 58 77
586 0 47 77

Animation Idle 0.16 14 1
217 127 38 52
217 127 38 52
217 127 38 52
217 127 38 52
217 127 38 52
217 127 38 52
217 127 38 52
217 127 38 52
255 127 38 52
294 127	38 52
332 127 36 52
368 127	38 52
332 127 36 52
294 127	38 52

Animation Run 0.05 14 1
91 340 33 47
133 340 40 47
181 340 48 47
242 347 47 43
304 345 40 46
354 345 34 46
406 345 29 48
444 345 37 47
491 345 40 46
541 345 42 44
592 349 43 43
640 346 40 45
688 345 32 48
730 346 28 48

Animation Jump 0.1 11 0
8 522 28 48
51 518 24 52
97 518 23 53
141 516 25 57
184 515 31 55
223 515 35 52
272 515 34 53
316 514 31 55
355 517 32 52
398 519 30 48
435 524 33 45

Animation BusterShot 0.5 1 0
1037 1506 9 6

Animation Shoot 1.0 1 0
3 437 46 47

Animation RunShoot 0.05 14 1
101 437 46 46
150 440 50 45
213 441 54 43
283 438 53 42
350 440 48 45
415 438 44 46
475 437 40 48
532 440 47 46
588 443 51 46
649 443 54 44
712 443 54 43
775 441 51 43
837 439 45 47
892 439 41 49

Animation JumpShoot 0.1 11 0
7 604 36 48
58 602 34 52
109 602 34 53
159 601 33 57
204 605 38 53
253 606 41 51
304 604 41 53
357 604 40 54
408 607 39 52
456 608 38 48
502 609 41 44

Texture Floor assets/images/test_block.png
Tile R 0 0 64 64